      0/63     14.3G   0.06553   0.01874    0.0166    0.1009        69       640    0.1448     0.233    0.1055    0.0274   0.07068    0.0142   0.01339
      1/63     14.3G   0.05346   0.01691   0.01448   0.08484        41       640    0.3275    0.3888    0.2956    0.1176   0.06137   0.01248   0.01177
      2/63     14.3G   0.05178   0.01461   0.01196   0.07835        45       640    0.4765    0.3942    0.3665    0.1372   0.06201   0.01052  0.009874
      3/63     14.3G   0.05771   0.01246   0.01053    0.0807        61       640    0.5629    0.4857    0.4287     0.186   0.06308  0.009628   0.01024
      4/63     14.3G   0.05154   0.01239  0.009906   0.07384        65       640    0.7907    0.5527    0.6525    0.3442   0.05648  0.008812  0.008302
      5/63     14.1G   0.04875   0.01191   0.00902   0.06969        52       640    0.8197    0.5914    0.7419    0.3845    0.0596  0.007901  0.006814
      6/63     14.1G   0.04996   0.01157   0.00812   0.06965        39       640    0.7228    0.7093    0.7147    0.3568   0.05367  0.007949  0.006681
      7/63     14.1G   0.04497   0.01123  0.007395   0.06359        47       640    0.7837    0.6862    0.7656    0.4274   0.06114  0.006943  0.005863
      8/63     14.1G   0.05036   0.01063  0.008204    0.0692        62       640    0.6249    0.5768    0.6284    0.3174   0.06153  0.007299  0.006998
      9/63     14.1G   0.05023   0.01052  0.007999   0.06875        57       640    0.8291    0.7204     0.813    0.4492   0.05724  0.007219  0.005669
     10/63     14.1G   0.04887   0.01035  0.007121   0.06635        83       640     0.676     0.713    0.6837    0.3301   0.06302   0.00682  0.006135
     11/63     14.1G   0.05004   0.01085  0.007661   0.06855        48       640    0.4983    0.6535     0.502    0.2386   0.05758  0.008037  0.006152
     12/63     14.1G   0.04656   0.01037  0.007448   0.06438        64       640    0.6542    0.5603    0.6124    0.3298   0.06144  0.007432  0.005731
     13/63     14.1G   0.04572   0.01022   0.00681   0.06275        62       640    0.7088    0.7452    0.7701     0.403    0.0573  0.007533  0.006151
     14/63     14.1G   0.04485   0.01057  0.006918   0.06233        47       640    0.6701    0.6398    0.6586    0.3702   0.05462  0.007726  0.006885
     15/63     14.1G   0.04675   0.01029  0.007622   0.06467        61       640    0.7137    0.5914    0.6601    0.3689   0.05804  0.008092  0.008526
     16/63     14.1G   0.04871   0.01042  0.006712   0.06584        51       640    0.2849     0.458    0.3007    0.1378   0.06585   0.01077   0.00771
     17/63     14.1G   0.04699   0.01031   0.00711   0.06442        62       640    0.2543    0.4226    0.2692    0.1325   0.06031   0.01055   0.01023
     18/63     14.1G   0.04833   0.01044  0.007703   0.06647        52       640    0.6514    0.5901    0.6257     0.348   0.05441   0.00815  0.005862
     19/63     14.1G   0.04624   0.01047  0.007533   0.06424        50       640    0.2395    0.3404    0.1596   0.07156   0.06758  0.009578   0.01931
     20/63     14.1G   0.04466   0.01012  0.006485   0.06126        52       640    0.6409    0.6623    0.6415    0.3596   0.05752  0.007618  0.005758
     21/63     14.1G   0.04333    0.0101  0.006783   0.06022        58       640    0.3783    0.4874    0.3776    0.1833   0.06202  0.009294  0.006375
     22/63     14.1G   0.04504   0.01071   0.00897   0.06472        71       640    0.6967     0.673    0.7235    0.4151   0.05103   0.00811  0.005724
     23/63     14.1G   0.04358   0.01065  0.007266    0.0615        53       640    0.5422    0.5554    0.5104    0.2741   0.05452  0.008649   0.01065
     24/63     14.1G   0.04617   0.01036  0.007901   0.06443        50       640    0.6811    0.7014    0.7369    0.4237   0.04982  0.008049  0.007632
     25/63     14.1G   0.04282  0.009919  0.006423   0.05916        50       640    0.7309    0.7748    0.7909    0.4762   0.05587  0.007277  0.007049
     26/63     14.1G   0.03954   0.00996  0.005906    0.0554        62       640    0.7203    0.7527    0.7664    0.4652   0.05959  0.006876  0.006365
     27/63     14.1G   0.04098   0.01005  0.006593   0.05762        71       640    0.7123    0.7523    0.7761    0.4735   0.05646  0.006855  0.006276
     28/63     14.1G   0.04024   0.01049   0.00636   0.05709        85       640    0.6681    0.7585    0.7238    0.4408   0.05575  0.007056  0.006048
     29/63     14.1G   0.03994   0.01025  0.006412    0.0566        74       640     0.771    0.7711    0.8185    0.5137   0.05136  0.007149  0.005658
     30/63     14.1G   0.03975    0.0103  0.006449    0.0565        75       640    0.7457    0.7582    0.8004     0.491   0.05037  0.007464  0.005653
     31/63     14.1G   0.03828   0.01006   0.00648   0.05482        53       640     0.655    0.7824    0.7677    0.4822   0.05075  0.007512  0.005338
     32/63     14.1G    0.0385  0.009775    0.0063   0.05457        66       640    0.6047    0.7578    0.6901    0.4095   0.05248  0.007663  0.006211
     33/63     14.1G   0.03742   0.01026  0.006396   0.05408        54       640    0.7275    0.7469     0.768    0.4615   0.05017    0.0075  0.005483
     34/63     14.1G   0.03959  0.009896  0.006457   0.05595        43       640    0.7125    0.7568    0.7611    0.4663   0.04742  0.007322  0.005096
     35/63     14.1G   0.03672  0.009743  0.006465   0.05293        79       640    0.7306    0.7311    0.7753    0.4785    0.0468  0.007616  0.005296
     36/63     14.1G   0.03709   0.01006  0.006028   0.05317        69       640    0.7929    0.7509    0.8256    0.5196   0.04563  0.007298  0.005297
     37/63     14.1G   0.03821  0.009609  0.005136   0.05295        67       640    0.7372    0.7257    0.7914    0.4977   0.04651  0.007421    0.0048
     38/63     14.1G   0.03487   0.01011  0.005334   0.05031        80       640    0.7543     0.748    0.8094    0.5241   0.04593   0.00738  0.004736
     39/63     14.1G   0.03535   0.01011  0.005705   0.05117        63       640    0.6659    0.7678    0.7782    0.4891   0.04364   0.00811  0.004809
     40/63     14.1G   0.03606   0.01034  0.005753   0.05215        67       640    0.8158    0.6704    0.7748    0.4929     0.045  0.007874  0.004617
     41/63     14.1G   0.03492   0.01042  0.006131   0.05147        64       640    0.6811    0.7717    0.7649    0.4805    0.0449  0.007893    0.0042
     42/63     14.1G   0.03478   0.01012  0.005666   0.05057        51       640    0.7109    0.7385    0.7865    0.4965   0.04221  0.007859  0.003847
     43/63     14.1G   0.03566   0.01047  0.005321   0.05145        97       640    0.8242     0.689    0.8203    0.5071   0.04223  0.007649  0.004129
     44/63     14.1G   0.03523   0.01023  0.005496   0.05096        52       640    0.7538    0.7963    0.8303    0.5223   0.04257  0.007492  0.004203
     45/63     14.1G   0.03485   0.01011  0.004869   0.04983        68       640    0.7336    0.7419     0.813    0.5115   0.04325   0.00756  0.004204
     46/63     14.1G   0.03571   0.01018  0.005472   0.05136        72       640    0.8061     0.769     0.859    0.5468   0.04332  0.007305  0.004129
     47/63     14.1G   0.03433  0.009788  0.005062   0.04918        49       640    0.7724    0.7063    0.8233    0.5223   0.04255  0.007736  0.003985
     48/63     14.1G   0.03351  0.009809  0.004699   0.04802        47       640    0.7642      0.73    0.8246    0.5256   0.04115  0.007716  0.003767
     49/63     14.1G   0.03388  0.009717  0.004061   0.04766        42       640    0.7672    0.7808    0.8496    0.5468   0.04064  0.007548  0.003707
     50/63     14.1G   0.03386  0.009835  0.005172   0.04886        45       640    0.7245    0.8187    0.8374    0.5434    0.0408  0.007567  0.003772
     51/63     14.1G   0.03257  0.009374  0.004625   0.04657        54       640    0.7364    0.7957    0.8443      0.55   0.04036  0.007544  0.003956
     52/63     14.1G   0.03358  0.009985  0.004112   0.04768        48       640    0.8314     0.735     0.851    0.5521   0.04149  0.007471  0.003905
     53/63     14.1G   0.03317  0.009908  0.003766   0.04685        64       640    0.7604    0.5133    0.6234     0.419   0.04256  0.008324   0.01821
     54/63     14.1G   0.03253  0.009862  0.004196   0.04659        86       640    0.7448     0.828    0.8636    0.5671   0.04041  0.007439  0.003512
     55/63     14.1G   0.03304  0.009797  0.003805   0.04665       109       640    0.7667     0.755    0.8377    0.5367   0.03993  0.007598  0.003473
     56/63     14.1G   0.03462  0.009808  0.004333   0.04876        82       640    0.7868    0.7635    0.8441    0.5491   0.03919  0.007562  0.003342
     57/63     14.1G   0.03227  0.009681  0.004011   0.04596        72       640    0.7403    0.7807    0.8262    0.5465   0.03866  0.007795  0.004363
     58/63     14.1G   0.03203  0.009883  0.004106   0.04602        58       640    0.7954    0.7584    0.8504    0.5584   0.03923  0.007762   0.00356
     59/63     14.1G   0.03155   0.01001  0.003856   0.04542        66       640    0.7672    0.7803    0.8452    0.5478    0.0401  0.007503  0.003364
     60/63     14.1G   0.03342  0.009911  0.004807   0.04814        68       640    0.7686    0.7885    0.8591    0.5565    0.0398  0.007503  0.003366
     61/63     14.1G    0.0306  0.009603  0.003535   0.04373        43       640    0.7502    0.7865    0.8475    0.5529   0.03874  0.007571  0.003341
     62/63     14.1G   0.03049  0.009359  0.003197   0.04304        97       640    0.8021     0.763    0.8558    0.5601   0.03871  0.007552  0.003395
     63/63     14.1G   0.02969  0.009495   0.00381   0.04299        64       640     0.834     0.724    0.8549    0.5608   0.03864  0.007631  0.003436
